219 SERMON XVIII 220

1661661616 66116 66 661661 66161 6166666 66 16616 666661 661 6661 transportet 1686166, 6661 661661
6661161. Et 666166661 (161 ee n’est point 661 be 16116116, heles, 6666616-661666661 (161 6666
6661161616 66116 1661 1661, 116 6 1661 166616616 16 serione semblables 6 661, 61666 66611166 6666 6661
1661 1616616. 11 6611166 66116 6661 16666611666 616661166, 61 6611 6661 166616616 66 61616 66166166
16 6666 61 16 reison: meis 61 661-66 qu’on 11661616 66616666 16611666661616611611 11161166 pom
166616616 16 retine 1661616666 661, 6611661616 infideles et 16661666 661 1616616 n’ont rien 66666
66116 661 66666116 61 666161616 6166 861661 oombien 16 11166, 6661 61661 11666661166, heles, 666 sere-ee?
6611 616166 66616 1661611166 666 6666 61666 1116 Si nous 66 sommes humbles pour oheminer 66 me·
pour les tenir en servitude, 61 est-oe 66116 66 de· destie, 66 66111616, 66 6161616 16 11166, 666 616111666-
16661661 666 16 166 6661616116, 61 66 6166661616 nous? (161 6666 66666 16 6166666 6611 1611 6611116
1666616616 666 66666616, 66661 11 661 question de 6661 661 6166661 66666 66 661616 61661661111616-
1611616 6661161 11166, 16 66 166161161 6661161661 61661. 116611166 666 les Prophetes diront bien
bien, 666116 16616 16666616161 66 16116661666166- eomme 1616616 1616166, que 11166 616661616 16
616666661616666666616. 1166116 616666 66166 616616, 61 666 16 116116 1666616 661 tout: 61616 ue·
1666 66116 aurunt? 1116661 661 1666166111666661 666166166661 116 1166661 6 6661 6616616616611·
11166 616 16 trouver quelque subterfuge, 66 166116· 1661661 666616661, 61 6666661611166 616161161661·
il 666 66116 sentent 666 16111116 166666666, d’evoir 16616,6661661116661-1161 1166 166116166116661166616
61661 16666166 166 616666, 61 666 ee que dit le Pro· tontes 166 661166. O’eet 1666 6 66616661116661611
61616 16616, 6611 666616611 661 661, Μ61-1661 661 6666166 b 666, qu'eet 16661166 16 1666666611 1661
1666 661 111661661616611611661 Or quand 6666 616616111116, 6611666666116 16611616116616111661
661666 66666 666 1661 obesos, 666166666 16 61611· 61 666 seulement 6616, 61616 66611166 16666 6166
161 11166, 61 16 6661616661 166 hommes: 661 o'est 616616 1166666 656166, 6611 les 1166666116 66 16116
66661 1616 6116616616 6666616 16611166 tend: 1611 1666, qu’on 666616611 (6616616 11 6 6616111) 666
666 166661 666 16116116 1166666116 61661 166 1661· 6666111166 661666 ee 111666116 66 661616, 6166
6166, 66161166 666 oe 6666 6611 666 61666 66666166- 66 16 166611 66 1611616161666666116666111661, 6611
16116, 666 6666 161666 666166661 66611166 66116616 6616666 (16 11666116 61 16 116616111616 6616111661
1666, 61666 66 6’661 66161 6666 66666 6611 1661166 hommes. 1761161666 66 666 nous 6166661616611,
6166161666616116666166166. Ρ66166661 (1616616 1661661616616666166666666616666666616116116
111 S. Ρ661, 116661 6666 66 1661666 66161 6666 666666 61 616616116 61661 66616611166161666161,
6666161111 6 66166 661 6666 6 1616161, 6161-66 666 666 6666 6661661666 166666 16666111116666 16 66116
raison que 16 116116 6666 possode? Et 6666166 666 16 66611611166, 61 666 6666 16611666166666 16611
11166 n'eit point 16666 666661666666 16 66 661616 , 66 bride 666116, 61 16 1661616 66 6611661116 6611
661 Ρ66666, 1661 66 66116 6661 166166661166 61 ἑ 6666 6111666 16 nous 6666161, 616 6666666666
16616611166 6 6116 66 oe monde. Oer 6666166666 l 16 116116 61661166, 1661661616 6666 66 666666 66161
666 1666 16 1661 166 616611666661 6 616161661661 l 661616 6661616616, 666 6666 6616616661666 66161
66’6 bien. 16116 1666 11166 661 1611 66116 6161116 66666 61 661166 66 6666, 161161666166116666666
d'un 66616, 66 66 6611 66 munstre 1666 666116116 1166 661 6666, 6666 6611 1666. 1166616616, 166666·
666111 11 6161 61661 166 16611666 66 6666 16616616, 6661666 6666 16166611666 6666 16 66116 61 sons 16
6166 666111161616666116 (6661166 1166 66116), 66661 66616116 16 666116 86166661 Iesus 011161, 166661 66
il 661666 6661 616661661661661 166 hommes, 66116 Ι 6166611616 11616 6661 61666161 16 oberge qui 166
16616616661161661, 66 116666116161166661616· 661 661661166 16 11166 666 Ρ616, o‘eet 66661611 16
61166 61 11616611 66666166666 qu'en 6616 11 66 1666· 16116 666 16 1661 oe qui 6611666 6166, 1166 66
6116 1666 161 6611 161166116. Et 66 16616, 66’6 perisse, 61616 66116611661161666666 6616161611661.
666116 6666 6661661666 161611 66 1611661 16 01 nous-nous prosternemus 16166116166616
6, d’estre 661 666 661166, 61 d'estre 11611666. 666116 166 11166 616.

166
ffipoie qu’uiuei est (6616616 16616 6666 61666 111)

 

