311 SERMON XXVI 312

6616 661 verite: mais d’autant 666 66 6661616666 661616 16 11166 6116 16 doctrine: 61666616166661
666 6666 116111666 661 6666111116, 661661 Paul dit nous ne serione pas 61 6166116666 6616166 6666 som·
666 16 16611166 16 11166 (661 est 16 66616666 in· mes. (lar auiourd'huy on 66 66611 666 o'est de
corruptible dont 6666 sommes 166666166 66 16 616 11161166. 11 661 6166 qu'on se 6661616 assez 661,
celeste) 661 16 verite: comme aussi il 66 1161116 Genava 1116666116 66 6166616, 616611 y 666616-
6610616661666, 66661 11111 666 e’est 1116666116 16 formation selon la parole de Dieu. Mais 66661
66161661611166611111611166. Et e’est 6661616 1661 666661661 61 66 666 16 66 6161 1161166, 66 66 66611
16 1616 661661 1666 66 66116, 666 66661116661 666 e’est. Il 6616166 qu'enoores 6661 661 166116-
1666611161 1116666116, 11 16 6616616 16 66111116661616 s’il rent leur 6166666 111661 1166, Ie 6166 1161166 661-
116611, 666 6666 6616 6666 66 6666666 1166, 666 166166 66166116, 16616 116 6611661 66 1666666 661 1661 661
666 nous 6666666 6666166116, 6611116616, etqu'en 6616616 1666666. 1166 Ρ6616166 6661 61116116 16116-
166166 6661 6666 66611666 1166166166 616666666. 61661 166616111161166, qu’ils 66616666166166, 66
Et· 16 16161, 666 661611-66 66661 66 1666666166666 sorte 66116 66 1166616661 point, 61 1661 6661116
66161 666116 11166, 6666 6666616111666 16 6161 61 16 qu’ils 6661 61166166 1161616661616616166166, 61
terre? Si 11166 6666 6611666666, di·ie, 16166, 66 qu'ils n'osent 666 s’enquerir 1611161166 de Dieu:
66161666-6666 666 6166 666 miserables? Or tout mais ils 661 16616 sottus 166611666 ausquelles 116
ainsi 66611166 6161611611 666 116666 6666661616, 6661 tellement 61166666, qu’on 66 166 66 666111·
66661 e'est 11 ou il 66166166661616666,616661 661111 6661 1661666661 66 11611 6166116 1666161.
estre 6661661611 eomme 166611666, 61661666 661661 116 666116 66611 11666 111666 bien 666 6666 avons
Paul 66 66116 66 3. 614. 16 16 6666616 661 (lorin- luparolo 16 11166, 111616 6666 66 6666666 666 e'est
thiens. Oe n'est 1666 66161 66 6616 666 661661 16 66 mot 11161166, 6666 116 6666666 6661 61666611
Ρ661 61111166 66 11116 11661611661166 16 16 661616 66 6661 6161616611 16 661616 16 Dieu: on 6611
16 11166, 666 e'est 16 verite. 111 6616 66116 ce 666 6661 16666116 11 6 6. 11 6616166(66166161’66 113
6666 avons 1661611 66611166 66 monstra 1116666, 666 16 Ρ61616 66 616661616 66116 6666, 6161666
e’est 66661 16 moyen 16 666116 66161, e'est 16616 66616 661-66 qu¹on 66 tient? 66 16 6611, 11 6616
666116 616, e’est 1661 6661161166, e’est 16 66616666 1661 16 1116. Et 6616 666661661, 66116, oe 666
661 16666116 6666 66616166 666661166 6661 66116 en· 616666 666116 66116666166166116611, il 6 66 6
1666 16 11166, e'est 16 6661111616 16 666 ames: beaucoup qui 6661 666616 16 1Ἐ6666116, 61 1661
brief 6666 66161666 vivifiea 661 16 661616 16 11166, semble 66116 n’en ont 666 1166 66666 66616161
eomme il 66 6616611166 5. de 6616611666. 16 661111116666 11666661 1661 666 sion: oar
Ρ616 6611661661, notens bien 66 616116 Veroli, 116 661661 6661661166 66166116, entant 66116 661661
alin 666 6666 61661666 1661 6166 grand 666611 16 666611 166166666166166, 61 66666166166 66166116
16611166 661 6666 66161666166. 016666616611616- 1616 6661661616616 comme 66 166 eognoist: 66666611
6666 66661 66 666 661661 Ρ661 111, e'est 66666611 1661666616161666161616111666666166 n'en 666-
66616 661111 661 1661616666 66116 6666, d’autant vent: 61 66 6611 qu’ils ne demandent 661 16161161
6661Ἐ666611666 6166616,6166616616616166 6661 16616 1666661611 61 166616666, 16616 religion, et
61166666 16616. 116 616161611166, 6666 66611666 661666116666166611166166166111, 616666666 166·
61166161166 (6661166 6666 66666 111) 61666 666 6666 61666 666 point 6616166 166 'Poros qui aurunt en-
66666166166666611611166. 116 moyen 6661 661-11, 66166 666 166616666 1 1661 116116116, 61616 666 nous
sinen 666 noussouffrions 166116666616666 66166 16661666666161616661166666166166166116166 6666
661616, 6616661116 6661 61661, 61 qu’il l’a ordonne? nulle 1666661611, 66’66 66 666661 666 e’est 1611166,
Ainsi dono apprenons 16 61616161 6611116661, 61 66 d'ertre 666661666 661 1666 66 66116616 1661
1166116661 16616 nostre 661616 116 trouver: et notoirement Et ainsi tant s'sn 1661666 6666 66666
66661 11166 6666 161116 61666 16 6666 l'offrir, 666 16 6666 6666 6161116166 l'Eglise, et 66 1116666116
6666 16 166661666 6616616 666166 61161666, 61 666 66611166 6666616661, 666 66 6666 161166116 666
6666 6 666666 61166666 1616611 6166116111 6666 616616 661666666 66611166 6666 66616116 61661, 61
1616 16611 166 161 1166, 666 6666 666666 1611166 666 6666616616666 666666 6116666611661616161·
166 616666 16 66 616616, 661 6666 1661 616661166166616 1616, 61 666 66 nom d'Evangile 6611 66 66616166
616661666111661161611166. Voilb quant 6661616161. aux 16661666 61 aux 6661661661616166. 11616116 6
Et puis pour 16 666661, d’autant 666 16 verita bien pis, 661 6666 66166166 oense qus 16 6661 16 11166
16 11166 66 6661 66161 16666166 nous, si 66 n’est 6611166616161 61 qu’on 66 1666666 161116666116.
666 1116666116 6666 6611 6166611, prisona 66661 61 Au 16616, 61 6666 66661666 faire 666116616111
quant 66616 61611661166-61, 666 66611166 661161111 de oe qui 66116 6661666, 6666 auriens 1 nous
d'aveo nous et 66166661, 61666 666 1116666116 66 6616611 1661 616166, 66661 6666 666666 66611166
6166616. 01 61 66616616111166 6166161, 6666 661· 6661 66666 66111166111661616666661166666616
11666 666 66116 166616666 66’66 6611611666 1616 66616 61611661166. Voila les 16161666 661 n’ont 66

 

