10 0010100111 ’ 000

1100, 0000010000000010110011000 oombien que 0000 gneur, en 0000 010000001 000 010000000, 01 0000 (10-
0000 1000 0011 0000 uidere 00100 0011 0000 001 be· 010100110 bien 0011 0000 01011, 01 01111 0000 1001

0000, 01 est-oe que 0000 00 (101000 000 001101000100 10110, 0’0010011000001001010 0000 00101011, 10110·
, (1011010 uer: 0001100110 1001 000111 001 00 00000 0001 010 0000 0000001000 01001100, 0110000

oe que lit 001001Ρο111 00 000001 des Philippiens, et 0001 0000 rendre 0000101000, 0010 0100100111
Puis que tout nous prooede de Dieu, qu'il nous 00101001101100000010110000101101100. Pourquoy
donne 101010016, 10 0001011, 011000001100, 0110 001-00 000 Dieu 00001001010 0011οο000 010001 O’est
100100000 boote gratuite, que 000010100001001000 d'nuteut que nous estions 001100 00 Adem. Pour-
eu 0101010 01 0011011010, 000001000οε 000100 indigente: quoy 001-00 000 Dieu nous 1001000 qu’il 0000 0 00
000 0000 1001000 1 Dieu oomme povres 00011000 pellez 001 00 0010 graue? C’est d’eutunt que 00100
100000 000110 10110111. He il ne 1101 000 000 000001000100111100. Ρο0101100 est-oe que Dieu
nous 1001000 100 breves, que nous estendions les promet qn'il continuere iusques 110 10 10 0000
01100, 0010 01001001 0110000 10 0000 eueher 0000 100 (1000010οο 000010000 101100111οῗ (1001 000100 000
111100 10 000100 Dieu¹ 0000 00 0101001100, 0000 10 0000 000000 000 seulement oomme roseoux 11000-
00101 0011 0000 000011000, 0011 0011 000110 00000, 1000, 0010 0011 0’0 e point 00 000010101001’000
0011 0000 0000000 00 100100 000 0000001101 1000001100 mousohe: 01 00000 10 110110 0000 000011 00100001
11 1011 00 0000. 10111 00110000 0010100001 001001 0100011000 10000110001, 01000 000 0000 10001000
Ρο01 (111111001100, (100 00100 100 0100101100 001 000010000 01 0100001οο 001 10 10110 1011001110 (10
001001110100,1100000000. 001 0001100 000 Dieu nostre Dieu. Combieu (1000 0000000 eognoissions
00 000100110 1100116 0110000 intention 00 0’00000- 0011 0’0 00100 00 0000 000101110000 0110100111,
011000, 01 001-00 01011 0000 1001 100010010 regarder voire 01 010 0000 000000 0100 000 0100001100 0100-
1000110 devoir 0101100, 01 000 00101100100 Dieo. tures: 01001-000110 0000 101000 0000 0000001001
00 (00000 desis nous 01000 111) 00001 Dieu 1010110 denostreDieu, eognoisseus 0011001000(
0000 1011 10 greoe de 0000 prevenit, 01 0011 0000 00100001 0001 0000 001010011, 000 00 10110001 essen
1001000 0011 0000 0 01000 1 000 010 000 100010 00 10110 0000 00110011 1 000110 1011110000. Et 01001
00110οἱ0000 11001001 00101 000 11 (100000 0000 010- 00000100000 10 1100010 0000000 01000 (10 10000111
0001000 10 000110 10110, 0000 0000 00100011 00 1 000110 111011, 000 0000 1001000 1100 00011110,
1100 01000001100 010100110. Nous pouvone bien 1180100001, 011111001010000001001110 001010110,
10100 100110001 10 10010 00010000010011010010 01 000 0000 1000111000 100010010 000101 0000 100
grene de Dieu: meis 10010 0 0011 0000 10111000· siles, 0100010110110 00 trouve 001 00000 01 001100
10010 00010011 10 000 1011100000, 01 101000 000 1001 00 nous: que 10 0000 0010 000 forteresse 10110 000
10000101 0000000 000000 101 0000000100οο0 00 10 00 promise. Voild, dono oomme Dieu nous
01000 1 Setun, si 0000 0’0011000 011100 (10010010 000000010000110001111, 0010110 sorte que nous 0’00
’ 100 0000000 000000 10 1001 (1000001011000001- 101000 00101 deuter: et 0000100100 11 00 100100101
1000 10 1010000, 0’001011 000 Dieu 1001 000110 0000 endormir, 00 0000 donner 00000100 10000·
10001101. 010100000 0010 11 0000 1001 1001101001111011111 01

170111 1000 nomme 110000 1001 00100 vigilans, 0011011010,010000000010 1000011000, 01000 0000·
0000011001010010101100001 10 10000111100010000 0000 0000001000 1 1001011100 100010010 00 00 00010,
tDieu¹ et invoquer 000 000. Et o'est 10 101000 1000000 100 000 nous 00000 011000 10 11010110
00010000 001001 Ρο01 01100010 10 0011011010 001 1011 010100 01 00110110 0011000000 01000 0011 0 oom-
00110 00 11001100, 000000 000 Dieu en 01011000 000000 00 0000, 01 laquelle il 0000 1011 000110.
nonne. 110 00000 (000100 000 0000 00 0001000 01 0000-0000 01001010010001010011111000110
000 0010100001 000000 00100) 001000 000 000110 Sei· nostre bon Dieu, 010.

NEUVIEME SERMON.

0110. Ι, 1. 18-19. 1100000 00 1010, 000 0000 00 (101000 000 00011001

00110 0000101000, 0010 01001001 000 0010 0000 (1011

Νο00 01000 100 00 00110, 000 00001 Dieu 0000 1001101 1 l’invoquer de 1001 meilleur oouregq et
00101011000100001000, 010011 00000010 1011 00001 0000 0000 0101001 (10 10100 101011 10 101111 0011 0
00011000001 00000 010001110 0111 0000 00010110 0100 00 nous. 1011100 quenous 0100010010011

 

