531 SERMON XII 532

aurens 1166 6616616 666 6666 6661 66666161 16 6166 Ι 616616 6611 seuve: 16 66666 16 Ι)166 661 6666166
1661 qn'il 6616 possible, 666 6666 66616666 661661 6666 16 66161 16 166116 monde: il s’ensuit 1666
6611 61666166 6661 6666 66666111 16 66 6616666 qu’il y 6 16666 6611166, qn'il n'y 6 66161 1616161166,
661666161666666661661, 6666666 66616666 passer 666661 n’est 6161661166 6 66161. 0611 faudrait, si
16 mer 61 161666611616666, 61 661-66 666 6666 les 166166 666166661, qu’elles 666666166 6666166
66666 6666666666, 111-11, 66666 16616 61 assez pro· d'edvis que 6616. 061661661 Ρ661 6’6 66616 66 oe
16616, 66666166666 61 66666 lorge, quand nous oo· passage, ni 66 6661 6666666 66666 6666666 6 'Pi-
6661611666 16 111661166 161616 666 Ι)166 6666 6 6161166, 61666 1116 666 166 grans 6661 appeler de
monstres en 16 personne de son Fils 661666. Or Ι)166, 66611166 66116 6’66 666661 666 dignes: les
61616166661 666611666 d quel propos o'est qu'on 66116, 66611166 66ὀ6 166 166666166, 6616166661666
6666 1611 16616611661661 16616666 66 1661 61661616 1661661616 d’estre 6166166, 666 Dieu leur tend 16
61 inestimeble, 666 Ι)166 661 1666116616 66 61616. 16616 6666 166 66666616. De 66 temps-lis, pouree
Soinot Paul 111 666 666 16616661 66666616 6666 666 166 Ρ616666 61 166 11661616616 66166661 66661616
61666 66166166661. 111 6661 66 666 66166116166 61661616161Ἐ16666116,1166611161166611166 166 6661
1616666116, 666 16666 Christ 6661 66161666616 6666 66161166, 61 666 1616616 116 66 16666661661666116
6111161 1666666 deSolsn, maispour 16161661, 6116 66161. 861661 Ρ661 111 qu’il 66 1661 66161 1666
666 16 66616 6’611 6166 16 66666. Ρ616 61661661 661 1666161 16 66616, 61 66611166 66 lofin 66 666616
1666, 66666166666 666 66661 66 6666 66116 16 6161616 16 66616 6661666616-16, 6666666 qu'ils sem·
nostre re emption, laquelle nous 6 6616 66661666 11661661161666666166161661. 11166166 66 666·

16 mort 61 passion de nostre Seignenr 16666 011161, 6666, 66666 qu'il 6 66116 des povres 66616666 661

666 o’est ofin 666 6666 666666161116616661666 n'estoyent 666 16666 16 6666 166 16616166, 11111
616616, 6666666 661661666 666666616 66661666166· 66611166 n'a point 161666 66661661 16 se monstret
166666111166,6166661611611616611016616661616 611666116 envers eux, 61 qu’il 6661 666 l'llvsngils
66661 11 661 (1661666 666 661661 Ρ16616, 6166161666 6611 6666616 6 oenx 66666616 16616616166 66161-
Ephesiens 66661, 666 666166 86166661 66666 16616· 66661 666 666666 66 mot. veile 66 66666 homme
1666666, 6166666666 reeitions ses 16666666 1661· 6616616 6616116 161666, 6 66661 peine 166 dira-on
6611616661661666116666 6 1611666 16 66 166616 61 Ι)166 6666 gord’: 61 Dieu s’sddresse 6 166 666611616-
16 166166 166 6611611666 661 6 regnent. Ρ6616666 16661, 61661661666 66166 666 Ρ666, 616661666
1666 661-66 666 16666 Christ 66666616 666 6666, 66616661 16666616, 61 66 166 111 666 6661166 66
61666 ofin 16 6666 661166611 Etsi nous sommes 6161 66 6666661, 61616 11 66166616 16 6666 (1166, vu
ainsi 16666, 1661-11 666 6666 6661666 6666666 1666 66 16 6166 16666666, 666 616 Ρ61616 16 66116661
6161 6666 6611666, 6661616 166 6666666611 661 66 6661666, qu’elle 6611 16 616 66111166116161666616.
61661166166661166 66 l'ordnre 61 66 16 16666, 66661 06661 (1666 11166 s’est 61661 61666166 61 16616 66-
66 166 6666 1611 passer 666 l'een? Vobs 16666 6666 16 66666 11616616, 666 eeux qni 6616666166
6666 661661 Ρ661 6 1666116. 01 6616166661 11 66616116 61 16616111666166, qu'on ne 16166611666
resteque 6666 1616161666 166 661616 61 66116166 661 166 16666161 d’un bon 6611, qn’il 6 66166 6661-16
6661 161 66616666. 11 61166 1616 66166 1161661166 6661616 66666 61666, qu'il se 1661666 Ρ666 envers
prinoipsle‚ quand il 1661616 666 16 66666 16 lesus eux, 61 166 616616 6666 666 661666, 661661-11666
0161616616666166, 666 66661666 6611666 16 616616, 66116 611 666 16661116 166616 66 6666, 61 6666 66
6666 666666 66 666616 66616, 61 666 Ι)166 6666 sommes 66161116 66661 666 16116 1661616666116
66666166. 11 16611666 666 6666 666666 exhorter 1)1666’66161661166166661 61661 66661666 666 oe
1666 166 16666 6 666166 devoir. mot 66166616 beaucoup, 6666111661 111 6661666666
Mais sainct Paul ayant 66616 16666616, 111 666 16 Ι)166 6616666166616166616616 1666 16616166.
16 praee (1611166 661 6666166 6161666661 61666 1616- 06 6666616161 661666 66 6161661161166616, 666
mes: 6661616 s’il disoit que Ι)166 66 6’661 66161 666- 6661 pour 6666 1661611116. 066 6666 66 6666666 1666-
16616 16 6161616 166 66666 61 166 nobles, 616661 166666161666616116166616611616166161611166,
661 senten 6666161166, 16616 11 6 6666616 66 miss· quand 116 66 1666661 1166666 16 mol 16166. 111
*ricorde 1666666 666 6166 66116, 6666 qu’on 6616116, 66111 66666666 66661 661661 Ρ661 6666 6616616 666
esur qu'on desdaigne, 661 6661 66 66666166. Ι)166 6666 66 166161666 66161 16 liberte 661 6666 6 6616
6 66616 1666161 esox-lb, les 16611661 66 6666, 61 61 6166661661 6666166, 66 66666616166111666666166·
’1661616666 661666. Or nous 66666616616166661 66116. Ν666 6666666 1666 16666666 16 6666 661
66666666 661661 Ρ661 66616161 16 1666 hommes: 61 66 166661 6666 Ι)166, 61 1661 6661116 666 16611666
66661 16 lb nous 6666666 16666 666116 6611166 o'est 661 6666116, 1661661 66116 661 6616 16616166 661
66661666111666, 661 66 16661661 16 6661611 6166666 666166 86166666 16666 016161. 01 6616 661 1666
1166611666 6616616, 61 66 s’entendent point 66 1666 eommun: 16616 66 66 66116 1661166 661 66666616·
61616, 66661 116 111661, 11111166 6661666166116 1166661 66661 66 1666 6666616 16 misericorde de

 

