441 SUR LA 101111111101111011111. 446

111 01 0001 001011 1100 0100110, 0000 10111000 1100011 11 41001011 001 profit 0104140011οο 1001
000 autre 0101000000 qn’on 0000100101. (101 0110000 100 004110010. 111 1001001010 4001001100010101001
10110 100 040100111000, 01 01 1001 qu'ou 00110 10 0010014101 beeueonp 40 1000. Et 00 11010110,
bonebe pour redarguer quelqu'un, 101110010100 000 1 110 11000101001001010110, 4010110110 01000 (10010
guerre onverte, 10111 000 101101110 010110110. 111 ‘- parole de Dieu 4011 11100 ninengeni 1011000110
pourquoy? 001 0000 0010101400011010111004001 0000, 01 14000011 1100011110 00 400 000101100, 01
10010101111100 quand en 1010110 01001 100 admoui· que Dion 00 0000 00010110 point. 0100 000110110
11000101001001 00000 0010, 01 1101000 00101000· 11 001 411, Qut 10 1101010 40 Dien doit 00110 00
4010001. 11101001, 4001001 plne 0000 1001-11 00101 gleire 110001001 400 4001 000101, (1411 n’y 4011
00 perunge, 01 11 0000 001 munstre (10011100 00 01011 01 0100110, 0100, 0111000000, 01040011000,(100
1001 point qne 100 11000 001001 0001110 00 100 410 1001 0010 110 0011 00041, qne Dieu 00 1000 00 0100100,
01001001, 01010 (1400 100 0011110 0100 400000101 01 0010100 000 000100110 40 100100 100 pertine 40
00400110. 01 0000 01000 00001001100001111140 00000100. 4111010 00100110 00001011001411,
ee pneeage 00 00110 0111010, 4001 (100 00100 qu’il que l'olfiue 40 10 parole 40 100 001 40 0000
none 001 commende 1 1000 40 reprendre 0110401· 0011100101 10011400 1001, 01 40 1001110 00 01001100
1001 000 1110010100, que 0000 00111000 10 regle qni 0110000100 0000 1004110οε 00011111 0001010 0000111
001 101 00010000, 4001001 (100 10010 0011001100 001 001411, que 100101001 que Dien 001 00101 (101 00040
nigre 01 100010000, qn’elle 0011 04400010 10101001 100 000010, 01 que uela luy appartient, 11411 1001
que 0000 110011οο0, 0110 (1401100011101001100000, 00001 que 00010 verte-le 0011 00 00 parole. Ainei
01 1140110 11101110. 4000, 1100100 que l’artifiee 40 Satan 001 40 0000

Qnand S. Paul 411 qne 4110011οο 1000 0010 0000 0011000101 que 0000 4000001000 1111010001 10 parole
10010 mamre quant auu 10010110111001, 1141101004 4011100, quand il 0010011110 10110, 11110010000
1100 que 4101011100 0111011000 40 inpone 4100010001 001010οἰ001 Voire: ut eomment? 0000 010110 404·
001 4001011 00 11010010 40 1100400010010101 01010 100000101 0140 redarguor, 0011000100100101110114
eneoree 1001-11 prevenit 100 0000101000 qu’on pour· 40 4110 0001 01 00101 poia 00 1110001001 00101110114
101111100410 (nomme 10010040 001 100110) 0101 1001 4001101 00 000 0101000. 11111010 40011000110000
11400 10111101101001010010 0100000100001010010, qn’on pourra alleguer. 10111 1100111001 001001 Paul
0000100 que 00 001111001οο0 00101, 1011140011ιο 1001100 0000 0100000010 11040000 40 111010οἱ1
1100110100 101001, 01 400 murmures. Suinet Paul 000 1001010100, 01 100100 100 010000 qui eeroyent
doneqnee royant que Timotheo ponrroit 00110 00101 001 100410 10 40011100 que 0000 portuno 0410000.
1101100 0010010100, 10410000010 400110 prudent en 11 01001, qne 0001 qni 10041001 profitere 10010
0001 0041011, 01 411 1001 11411 001010υο11100 0100 100 11111100 regardent bien 40 00 point donner 00000100
10000010010100 pour 100 0400000101401001 401011, 01 001 10411000, 01 001 gene 1001100 400110 000040·
1411 10 1000 00 10110 0101010, que 100 0100011000 11001, 00 1100 40 01004110 01 401100101 quand 110
01001 10 1000110 01000, etque 100 infirmer 400 exerrent leur oberge. veile pourqnoy 001001 Paul
0010011010100004011001,114110 00110100001000001011 0140000 1 ’.1110011100 (1400 parient 001 100000 1010-
000000 010010100 10010010 (101 100 trouble. Et 4001 0100, 11 niteo 0011 00010110110111011400001101000
0000100 00 passage qui 001 bien digne 4001100011. 000001011 000000 0001110100 0100101οο, 01010 (14110011
(101 0000 0001000 que 10 410110 00 100010 01000 40 101000, 01 qne luparolo 40 Dien 00 0011 point 0010110
rendre 10 1101010 40 Dieu 0410000, 01 001 100111000 1 1000100110 par 00 moyen-la.

400 101 artifice pour 0000 0011100011οτ que 0000 01 01 Timotheo 0 00 100010 4000 10110 ed·
n‘exereiono 10 oberge que Dieu 0000 0 0010011οο. monition, 1100001000 de 0000 qui 1 beaucoup 11100
Qne 411 11001011, 1001010 41 0010110010100 00 400· 4010001100 11101110 0010100 luy, 001 100100 00 101
trine: 01110004110010011001111001400010, 11 010101001 11001 4000 011111000οε 400110 001 000
10041011 1100 quand 00 monte en 010110, (1400 garder, et de 0000 0101001140100011101100, 0140
10101 00 aermon 0010100 01 40001100001100101001, 100100 00010000000, 01 40 010000 qui penrreyent
141110001110004001110010110(10010100000400 engendrer quelque murmure, tellement que 0001
1001 1000114, 01 qn’on e'en 1010010001 0010100 00 qui 10041001 01004110 40 0000, 001001 eonion: 01
101011 10001 01001 qne 000010100000010041000010, quand 00 400110001010 4010011000, 0140 10 101110,
gene 11010000, qui vendroyent qne 1001 1001 00 qu'on trouve (14110 0001 01001000 04100101, quand
000100100. Quelle predieation 001-00 (10 1000 prio) ile invenient 01 00011001001 101100 001010010οε 110111
14110 demandent? (100 10 40011100 0011 0001100 00 qne 0000 01000 100101. 11010001004001111001
pendue 00 0100, 01 (1000000110010100 0100 01011 (1400 010000 00001 0111111100 00010 admonitione 000
ouy une flente: 01001 que 10 00011101οἱ000 00 001 usage: ear 001001 Ρο01 0000 monstro 0010100 0000
400000 00 1110011101, qu'on 00 4101 01000, 010111 01000 a converser 010010010011000, 101100010110
11001110001141 01011100 1000 sermoni 410010· 101100 qn’il n’y 0110011010100, 000001000οο0 (101

 

