366 - aaaron 11111111 ⁴ 340

contre 166 166666 6611616. 11616 666 16116 666· ,1 11 n’a 66161 66 16616161116666161166611Ἐν66·
1611616 661 6116166 66661 Ι)166 661161166 661166 , 6116 66 6661 666 16116666, 66 1616, 16616 qu’il
et toute 16 16611166 661 661 6661666 66 1166111616 l 166161616161 16 6611661166 16 16611166 aux 6616616
saincte. 06 n‘eet 6616116666666 6666 66666 666 66 66661166. 1611616 principe 61161661666611616616
1666666 6 6616666666 66 11161166, 16 1116, Voioi 16 Ρ666616.
1166111 16 Ι)166 661 66116. 0666616161616666 011666, 6616 666 161161161616116166116666
1611161111166116116111 til 1111116611. “llultll libell:
Iaaiea diot' ainei: mais l'Eaprit a 11611 61666666 16116 6661 666666161 ’666 Satan 61661 1616666,
6611616661616 David, ou 66116166616116616. 61 66616 66616 6616611661611666. Ilne 1661
16116 16666666 66666 16 1661116616 0166 66616 66161 qu'on 6116666 666666 axonae, 61 66’66 611
6166 66 66161, 6116 66616 66666 66161116 66 66 666116 661 ignoranoe: 661 16161 661661 Ρ661 661
6616616, 66661 66 66666161 666 Ι)166 66 661 16 661666661 6 1661616 666 eeux 661 116611661666166
611661661 66111661 61 661666. 01 666661661 16161 6616616616, 661 1666161661 d'ompoiaonnerlea amaa,
16 116116661661166616616, 61 prend 666 666666, 16666611 16 1666666 16 666116 86166661 166116
61 66 16666166 6661 16116 a 616116 qu'il 66116 66 0111161,161666161116661616161616611166,61666-
666 161)166; 11161, 11 661 61666 666166611616116 161111 16161116 66 66666666, 66111661666, Noua
1661 oe que Ι)166 6116666 6661 666116 66161. Et venons 161 66661161 66 que 166 6666 semble: 6616
16116 66616666 166 6616616616, 61 1666 oeux 661 116 661661 666 6661116 6166 616616, o’eat 66116 66-
661 66116111 16 161116, 661 6116666 en 16616 616 1661 6661166 Prophetae 16 Ι)166, 61 666 1661 oe
16666 qu'ila eatoyent 6666666 16 11166111 16 Ι)166, qu'ila 16611661 66616616661 1616161166616 8166111
1666666 6 1616611111 166 11616 Prophetes: comme lequel 66116 66 eux. 0666661661-66 66616 6616-
6666161666 qu'il 661 611666, 61666 66616 661666 666666 16 6666, 66661611 1161166661, 6 6166616
6 6616 66 eux. pour mettre 66 61661 66 qu’il 6 666 6661 6616116
Et 16116 66616661 6616166661 S. Paul dit no· 666 661166 6616666 661 66616116166616111661666666
1666661, Qu’il 66616 166 6611116 6666666616, 166· 16 66166666166111661 Ildit que 16 S. 1166111 luy
66616 serent 66661166 du 6161111616 16166. Et pour· 61661 161616. Et 16 6666 quoy? Le semblable:
quoy loa appelle-il 66611161 666166661 66 111-11 116 6611661166616611661666 661 6661666116. 06
plustost, lly 6616 166 166666 malina qui 1166· 666661661 16161 11166111 16 Ι)166 661 1661616 qu’il
11661 1661 166161661, 611616161, 116 661661 la 16666, j ne 1661 66161666 6666 666666 61616161666661 16-
61 166116 6661616616 61661116166616666661661 l oevoir 6666 1166161166 66 661 6666 6616 111 111
Ρ661 66 1661 attribue-il 66 11116 11161666 61 16 ξ pourquoy? Il ha 666 166111666 1666611611 66116
creaturos? pourquoy 166 6666116-11 66611161 (166111661616616611661666166 6666 61666116. 616616,
616 666 6666 66 666666 661111 66116616 661 666 166111 Ι 66 661-66 666 6161 66616 61616666 61 1166161661
111166 61 61616666 6666166 66661116,1161611’]166111 11166111 16 Ι)166 ha oea deux 611666. 116 6616
16 Ι)166 661 661161 6616 666 6666 116661616661 611 16666 6666116 86166661 16666, 616 6611666666
61 6666616661666111 1166 1616 61161116, 6666666-111611116661 166 1666, 61 666 66166166 66 il 6666
611666 Ι)166 qu‘il 666616666 61616666 611166161166 “ 16161661 66 6116616 16 66161. 111 1116611666 66616-
616 de 616116 66161 616666. Et de 16161 6666 6666 (6611661 66 666 i'ay 16616 111) 1666161661
116666616666666116 661661611666 661661 Paul 661- 16616 6661111166 tEtl’lliaoritturte 6616616 661 66 666ιὶο 16
66 61661. 66666 66 -oe 66 6 66116616 1166 6666. 66 an 66 66116 6616666
61666161 166 661166 161161666ἶυί 6661611 666 1166, 1611166 611166 grossiore, 611666 666116 86166661·
61 6666 66 tyrannio? ll 66 111 666 666 1661 oe 16666 qu’il 6666 1666 66111616666 16 11166111 qu'il
qu'il 1611, 661 16666616611166, 16616 qu’il 116 11166111 6 16666, 616 666 6666 666666 6161666 6661 116661·
deDieu 66 66666616, 616661661661661116616- 66166116161166 6116661. voila quant 6 oe 1661
66616 11161166, qu'il 66 66161161. Et 616611661 11166111.
66 qu’on 6116 16 66 flio-il) il 16 1661 6166116 01 6661 leaeoond 6166666116, S.Pau1 111666
66666611166111 16 1166661611666616. 1611616 1616 6661116 666116 116116, 616666 6666 661666
6666 661 6666 166166166 16 16 16611166 6616666 1661 6166 6666166166 6661 666616666166116166
661661161661 il 661666116161 66 16661116666 16616 1666666 doetrinae. 061, 16 1666 6116, 661 661 66161
16 666166661 666 Dieu 6666 6 16666 66 Loy, 666 6611661661 1611166661 66 diablo 66661 11 6666616116,

166 Ρ1661161166 6661 6666116666616 16 , 666111166- Voila 166666661661161, 16116 lepore 16 66666666,
6116 661 16 161116 qui 6666 6611616166166616611 1661 celuy qui a 6616 666111161 166 6666 166 16
6616 666661661 11 16611611 6666661616611166 1661 666666666661, o’eat le 61166616 6611 6611611661
enaevelie: 61 qu'au 116666 1666661661 661161, 61 6116161161 6661 66666616116666111161666116 661-
6616 luy obeiat 66 1661 61 661 1661. 1111616161 dre: 61 16 luy 6166166166161116, 16 16116 666 61661616

 

